$ANSIBLE_VAULT;1.1;AES256
32626431623965303838363532383961303732616435616630666133323739663465353539373930
3535303734386563316637616232396232356434383834650a363531653838656331353632656163
38303163373432653333383139353634646234613637646337613939333464343339306461643236
3165656363333538390a333238653730336332366537626364373266343161303065313665333731
39323562316634383762653863616336616364613534633762346461323438626166383966656361
31353634646563303136333862636261336466643963373037343066323065313063396165363837
39626633646239363138626535636665376138326134316361643531653765653039383434306334
30623531363638663539346533626235386239643231373366633364633362616539636334643765
65363765363566653633386436616135376431313832356430336232383932356266313265323362
62323734303761396332633330306231613036643463386135646366663938376163303133346433
37663465656664316561643565336434623361366233306133646632303539326164376532333034
31666365663638613865303461313064633837326131616663643137343539306264336137393862
37616636313465633637363961336662633463306565653835326134666639633139616264376563
62666562306139346639373438363365633861373836633930353363343462306535323761616536
33633461333461636666343136343563393565326334373034326561373536316562666339313866
37616361323431386337303430653033663139663532616362313830623431363238316663316430
36313764366639383336383339303731636462303039646232326631643534616462616132633930
34343436353861333863613037313831636331343736363938653232663066646665353632356530
65326262396365663264356465333739616434313762666239393161663961383262306261323932
38396530373233343161393437663239383462666431366534633930623837623839356336323136
39316139633432306166313139353962306634386336376531313266373266663830656432316465
62653139623431363236616531353937666131303863363236333463346430373938316134346261
64323164316261313534643361656135303232343539623437616533363635643736636135383832
35313665616636613136626261323637363663313965613230663561663335313637333734316563
39326338333162353136626265373135303335333166656163326539626538623136643864396438
61353736373965366262353038643732646538363238303232356339313365663566356430313666
35643431626538633834303465306161626237336463333931636332336533336338326233626566
61666266323931663730646538316232363565346536623062323735373063333032313330336462
33663862366238343132653135316438633762336462626561353739326639613734363139393961
37393830323266623938626432393830663032653666646430666165333261396134663832366530
31643338643636313762386161303531646365646161653635356465376266393338306436313033
34343163356233303964653332393233326662656663326438396233393132633231313138336339
31656530383138383938626232313035663136333761323966363032363830613337386236646239
32396163396334343566373665393263373063313730363037303664326639346435333839323135
38383163313261336330303463303032666338646331326662343237666463336261333532323232
36326336396437356437326266363233356437313066366633386433333761323166386462633631
35363736306433323266303361333633653739386235323863343839336438363837313131336264
39363433383065633739653233633264653931636237633139653035343766313234396437326662
37346466396363333534653665303831366664633738333462336364656533353930663439383664
38646133303539333461353765626533303937646337393032623038353339386532393538313638
31643337313239343966616635373363666233666534393863323264343739383065353534353232
66363837626464646566663235353631636637656530616137656430333162643336356661383661
61663031393765313130393238616436343233356233636263623737633663393236326237626334
31356530316535626663663033613331636135323166393437313262636466303863353864643964
64376438643435343863363265666135356333323263633239336437323664316137626365653335
36363562303631353765353866336534633863313634656537636163383833663736323538613464
37613032353365663336626266323433666235386334383636616564363239316434663038323166
65656134623035363538333937373834653839616566316330636633373131373162313039646639
32633133616661623230306131636566613238626632373637663266373435383261333337623466
32616539623663616438643566393434373033313539376233363831666561643463663566613239
36656430616539633038633630646433643736623864316433306636306661316564636233313537
64386265343334393462366339363465663237356438666338326138616238306431626538623735
63336366636361666534646534653838643430303538326461643565353864343830396337373336
38666536313330303933646337633365626462316433663931303134303739333432643465393561
63616361333335363535643636306534373263393737363639646632636430643331626131376430
39363032323638346639316531636333616436623533653133666466663362393238653736326236
30356537626661373761313664363934386530346633323861646166616130613731396165356463
64303733666362636637633031366135636364303761326231666632626366613936373533393662
36386635356137356630363039303639323932636331656239666139653939623631373065346363
30616137633164646363393062356434646362393765393163336530333236626533323632626162
39646233656335356362626234623961306137653237643937333732633237303865306462633238
36613863633433613663643933633366656263396337323038646430643131356232663431333137
63616533313237383561623636396562366564386664366239396634396465663830616634666464
63633931643831633566383664666638376631646439613561666539646162333930623364346536
64303165656135343066386538663230306639396539336438373935383034643434346336313832
33323763353834373065353666336336323236386263623936303737323038666332373233396237
39383634656133393661353034653132383239346366333333633233313961626537373863313330
64363966653630313137376436343562636138613536666437303062616362666532623138623637
31363830613836636264373432653162643762653363303762383631396139626533333130656661
33613932663635343230303262313632383937343962336664333063666638316534363038613939
34393366396632363064663135643131373936353031323263393032623861333965353939653736
31623136303562636532333037613733353031636231313039626263313036646333343834386136
36343030653737356663376338393232323861646431343164663133666463306164383331373832
31303431313362623165353734333531326338363733346633306161373461373433353335383937
35306362313166373930656431383366333232396465643930623931383536306232333362626538
66336139633730356338653165633134306562363436316434396631653434666534363862633962
64376232373636313464396666326665623133633839346665363164376365613863653764303163
39306462383435393462636337313662306334643466393331626535346262393566313836613636
30363463363665616132353862343831343466396637666261653932343033373535353264663764
65366661306465653332613232643635393261643839633462663239323264326264356361323562
66323939653963653030303931656261356437633462346232336265643430666466396333383430
30363830623163336262303037383661646339633162653633656165656164653964616534393261
62306165626662643932613864396263313238313764343262656363383136336464636130633739
39336631313462323031386537396361343131623236353264336665316366393736303565386333
62643331316532623338333633613666666265373832313236646265363762386139613332393233
38363536653730643166396161363435386436303266613335666566633431613433333936306664
30396531633764333566343739373565656365393566396265353266383663383933613132366334
63393038373939666162366136653636346434303037306135393539396235336432363738353638
65303232326336316132616334323363306164613063373263393837353865393638623866663435
30623238656463343938376566373431636266323438663530643163313331396635633035333965
61376262393733623336356238616266333362303131363565366534303666306361626537303336
33313532643232316434396238346364663535373336373134616138346463323831326338353835
39626366626665306535353862393030333031316666363736323930633866363831623438663034
33366266313066313335316336326364393261656663656663313131636266316632633330303463
37333761353030633964626433343536393038636635653262313266373765303336653166323438
38316633313438333832343130393162356566616164353733623039623265653462363564623064
34343239346535613734633830626634346337303434333763373664343633346432653231633634
61366338663266633932323635656364613231313339616265393539616639623963353661653836
30343438623939393963313839366161636334663133393839396439653930333132383765656561
30343837633265633139336361323337323033316432346534353264336565623836636131643735
64613135356232613262323864643438633661353763353063613037613932636366373762396333
65653237386331363763303035346135383639633434313561623838623639313065653930656335
30636162613037343331646333333832356534323761623634653266616131393836616431636636
31383562666364613864626539613335636434386435383337336532336230316439363462386366
31363735346662363761346230306438363962323265643665366436356436316366313636346135
34393830366565373235376536663361353930396363666166383038613761343962306136623263
37353134353461616633316563383464663138346162616363656663616162363464386661326132
38393932643336383730613536353166343463386437386537383865633665646337393636626662
36623934616464643138663437346136623030376432336262336134393636616361653533653163
38333562663662346266656138623431643330616166323833386366373966336632373433316532
63366139636133323938376636633262323361616463383831333936356432333966316239393765
37376633346261633766333739323664653535323664386432623838336637343734333561383731
37316330343664313532643139373031643064376433343139323031653330333162616435303133
32303936343963306138663761616430333065333065346131633065653339643134663030653863
61393766666461306662643962633831643730343030393965353231333835616662666233393139
39353563623362393531323933616463356537363838393566646464623639313066656464306639
32613736626462386166636661393933313931613432643764633937613830623766316265383538
38313234633530613262313839306332626531386232333133646462623162333131393865666263
33636630326561633035353535363563303336613834663664333133626433386233373235343463
36393031333262666136396466323133323062393062366361343734636566643736663533323233
39373337353935633931313061633934376635393862316633363237346332633237666666666265
63303839643061373432633737326364616237396564633266306165616665346138396564373631
31326663363463393365303431346335386234333164643331356164613665636333646137383064
36643637383830366338376564373963346364336230633933653535623235306630323566376563
38343735303834393838366435633339366562396538343632633964383461313537663931616539
61333131643864303132363336643838343138643833376663613335303464663839326338336538
66303534643064366262666664616133333232626232316333376265386134373766613462623037
33626232383963373436653634356330376431343035646531356338333965376139653565376136
64653239623334666264333261653837663737386166626337326139376463366132373932336135
63366265306564313539623364356333323066656335633130303165386630363239363937386238
61663837643562633439333033363065353661656563666563356161643265656438623336386237
37383464336334343435663632373366376238646633323030663363663565343536653763613034
35346563326163633532343665326532313962666331346137386432616262346637626664313538
3463386335323566366134633433626136613163393735386130
