$ANSIBLE_VAULT;1.1;AES256
36323033316663636131313535656534366662636262613632346335626233393236376431393338
3433393235383935643436646132396265306332393934330a323665636665326338353863613162
64353830343931646165663965316632366630613564313265623936323563313637383139623466
3932323966346136320a316335336366373862653064663233626262616631656539393166313562
37323830393865323762323731653735633431636332343833653364633139343534643936356563
66376536353734643432386235613637363437346435343665316235303236633933393035323237
33363231356333396436316461613335386332623561356163633231373464643561636334376139
39356262393131306132633137633037656662633237393636303936626166303562663337396235
34363433343830636635663737376339626131333663363832323365353138313439653865613530
32643963666436613730343861616339333437633535656563313739363530393661366436376238
33643534366563326332333736393333656636386462346362653332613563356631633663623365
63363064643131646263393963633730306561343231363138613037373632376636303733633931
65356265653462386636653339396132376563636433653733393233343636646264666561316630
37336562643634613362663334653338666638366462343065646335646137383332333436396634
63346166383538666637316238373561626363383263633062633064393864626565386436666233
61613463623264373831363933633063643830643336633734353136343834363139366138313632
31303463303431663866393837333138373866303839313630336332303364303335386137643238
37633235666161313236666134666430333938353233656233393233383838343837326231376266
66616661393237323964613939323535623062356361343937613165323464306337343538313434
63306538653632613634333738323663386233653861623436613535636132386366643433383233
36396434373564363363656139636131393733383738333336643764363632343864643266653830
64316563636630303236623532333361343666383635623634316361396632656331663761376638
31336265303133353630643437356431396366396236643738333639313436343862616236393066
31643165363635653030316461613731343130646534326466383633366564626439613436373434
34326334363233383661303036316266663734323965363164393836326464653562623737323161
38656137343434663235363236326665373733333631353839636635366334323863383138306539
38333438323335626633343637636237323138633736373834343838396163373063643462656161
65333531333131666663666431326364346636653939396234393435303464336635386634356661
64393735303736616265373436633534303932333665626438366431653665653439386163373666
30306263646538323134303530646334333136333430326663366333663636333631616333643232
34643037306363396535613938353561613731313630393037376431376331333738356663373839
32633462316664316232313766626638643061633063393362373132333239323735306662333936
30323437346137323939643464666131663736626138643939393963666238643161616530646432
30633638326534663164653730363837646639373364636238636138323738306533613963636163
39663765346133333737383236643735346564633663343933623535373666666161333533666634
39323538366461396531346136393264656433396438383931323737336461666563323065393933
36376364353063616439636437333935663565346462316335656463643730613933303939383633
37353231313934326434616236333863393637633231386336663935386161393564393438383463
30393030633132643361353932613366356536323837623762636637363966666562373264656431
39616234333863386130643439343734346162393331626261373761386230663433616430386631
64363834653432383431353132393932653561656233636131343435323066343735373935623430
34393233303734633532333735333066356364656362643462346263326166353732653361663632
32303939386136353963373963613438313234346439633835636234633135306563323231613332
38326634633962646532626266373863383534316632303965633638393631353464363330623463
62376166353262343339346333626539373439366637393439623034613036323164346464333564
62316664393438633135636665613661636635346662396135336464313564376134323739363163
39313139343764353364663830396263383637393131643965353436656639323835356238666235
62373837663961303630303633333462333535623137326134633534616635313235346164623661
66656432366664326533336465623838336535323661303435633465616662343866376365623363
61306637356262393536653235396331346464663734343566343837366234663835366431373239
34633534326632353135306163636539313039656661626562626233393261643564366430653131
63383732613363636638646334613733663565633861373562366233363865356235666266653165
63396164623134323361333339346138636632373939393861373438653532356665643536663630
32333530346137333266396335363439333161616535336434633034323336373565363331383135
34346236323737303462313030636662356434373834626263343861383563373963393932623430
39613938323730316532663062323535613431383362363162313533336265353839306138333362
37376133653565656162633131316434333935376439356230396430656661636431323865386437
64323934316438353730623437636366663936353935313065393164363462346436343039383365
39336639396137346561623632303030346663363839333065353631323533343565336534353463
38373866393865376232626630613065626534343361353430386139646431623135353338646163
62663732316561626163343737333266353762343161623566343964623039346335356664393463
32613865313336316561356536623939376439336334353637643462613261376233643736306234
30656433336135656337363436643364383735653565353130383431333738366331326566393139
62623239383436306438373631326464616134313539333162373461616261326466353034373039
39316263303931376162333862333761666536383531656561623137363166633438363061653965
31623039313466326333313235363937623662633037623038356337643162643863333066613032
64336132336130313961326363656662363438643838363839343162346531386535303661663135
66343032366263666162623362643636353130383263383961353230363766306634363663356333
64636661616562396530343166396462616636643931333938663336633437343963303162383666
31383438366238393736313564616664613533306439326639643966613063393863316664633230
39366333336163623638323561383732623331363938353535393935666135313135613637383434
36363238313534353530363537336666333238386132663138653030633131616162346337663534
66383237613336633139646334343063333730336633653730343431623965346562383533336638
63646333383134306339363436393130653130326661646332653034386639303733353738633231
61643236353839616237323838353966636662646431363663346634656135343534646237333035
32313061343863623835633234326361353364626266393833313930333864666536623236303632
62383562373039393932343365323063373731343836663835653166323665343539616130343230
63626434353630636533643262343238616336303038646238356466343432396336383337633264
38393435363031323131623137363536326636343634376333363466376662313961323966386463
36303831393662336336336431356264663866306236363465303865363733306166333031613530
31303633653765373631343262626666306562393564383730346230663630353132333966326438
30343238323839666466316136373137643263643735333938303865653734313331383337313535
30323465633832316363646533343135616130363865323034613633646562363737356536303337
35653530383632633166393630666533366364393835623633643566633632343439316161393539
37343764353433646132633333373833343735313331323734623331333736663162353433336662
33616336366566363333616662396466373834383630626236643639623665333933373966366565
33333763306636646461356162653263313562643639316133346466363436383836333364633661
61653137306336313332646362346666383933623363313938303330376134633433356661366265
61613930343464356438613461626363316433313863656666353938326231333638356630373235
38663431613661333730653332343866656630343934306462613964623466633637663631623161
63663635356531356136336331326261383831663264323836653466343138636231653235343535
64313633643031396431643434313466336366333437363564313138323261636535663032336338
30326164363763346365316237333836613736666363643932653832313133363838333761613030
66373731663637343333353264653934353864383062633463316339393163323637303466373037
31643938366636303036666135363039346636333461633339316339626563636566373131653732
65366638616162303465616138373965383330626638373331326662316162653537306436393630
32633530343662386662386432353737336137393337336364376234346364393162323962653062
62626338616162323835373130366564303039653636666336656239376138613831393861323638
62353338363534356433363039363462343835303661623139626132343235663839653165646436
65346630646261623338363565646435366364633036666363636330373239336337366333623438
65663965613633653730623939613665633433303166353637383263383236366566333665316131
33353265613539643433383132323264333333336533653533663863636562333334343864383033
38663336363263346438366562336338313039313737653436306262396462303366643535633262
38303566616164663730346135323439626532313239393632643937353230373262646638626435
35636461336531623566336265666332643131363263626331623363666363663063353361393035
61666663616165316235343134633337303863633738313933633734386466656363623134303563
35353962653835663966623935363438656262366265373733396664633132373735376366613233
31303764326231373762383961646135373834616438666538323663326461333661316636363662
64656234356335383463646533343962616334333065373763663236653635613235663633643933
30313864663065316637383634363235313661306339386539356634353534663139656665393166
36383734313039306663333532623834373564616366323165353931613032613431643739353662
36653762326634656337323565336237343566313939326535653461333432653038386532653438
61373236303838386233333536653731353637623634643839356663353838636131363761653563
35336132323066643762636336396566366234643264616634313633663839306335303937303238
34396263636463343730656466633133323462613635396365363736323734393737613962383166
31366566376339623062656438343830663232613964323333386539663035363635653762363339
36643565663733646334316334373763343036613932316665613637306265303130643862333233
64613235623739386463633837346133346662643834663761646461313430613863323266396663
36393132666235653838393431616631633834333864386230613336653265343963306135366633
30646163393865366463656165326138313533323836346131383533643537356366663762396539
30373331616331393836323234333734343765356635373732626131623336633861616137373535
34663138663866363965383362376361303439613431366165383438313463303732636233313562
33613035303838373061313566613965353064316162366238303166653738636233353863623333
31623237343163383435373763663236326338393436363461643531626661376462323530313965
65343265363230386439613563353461346433393434633136376339313536626534336431383162
35646563316530636663343932373264653165623032313235626539383732386634623830383737
38316136336138373366323564366535386665346438623439656664353734363230353338353036
38663531356662386532643865326137303863643935356336633430646433653633303536356361
37323164643866623037613035643433643462323534666465613063313562666462386535643033
64356136366130303837363234346430666338653635396633333132303430333662306232393731
32626239626132633062333736396438613862316561613837313164393631336662643561346264
31316161663936306139613131656134633063383437653232303362303663336264366633366261
38646130383132383138613733386261363439386437636437626136333963623334623135663364
34663230393563633536393433356438613031653163323636653438393931396230356339626564
383133383539616435643338376238653366
